  0.0000000e+000  3.0000000e+002  0.0000000e+000
  1.3888889e-001  3.0000000e+002  1.3888889e-001
  2.7777778e-001  3.0000000e+002  2.7777778e-001
  4.1666667e-001  3.0000000e+002  4.1666667e-001
  5.5555556e-001  3.0000000e+002  5.5555556e-001
  6.9444444e-001  3.0000000e+002  6.9444444e-001
  8.3333333e-001  3.0000000e+002  8.3333333e-001
  9.7222222e-001  3.0000000e+002  9.7222222e-001
  1.1111111e+000  3.0000000e+002  1.1111111e+000
  1.2500000e+000  3.0000000e+002  1.2500000e+000
  1.3888889e+000  3.0000000e+002  1.3888889e+000
  1.5277778e+000  3.0000000e+002  1.5277778e+000
  1.6666667e+000  3.0000000e+002  1.6666667e+000
  1.8055556e+000  3.0000000e+002  1.8055556e+000
  1.9444444e+000  3.0000000e+002  1.9444444e+000
  2.0833333e+000  3.0000000e+002  2.0833333e+000
  2.2222222e+000  3.0000000e+002  2.2222222e+000
  2.3611111e+000  3.0000000e+002  2.3611111e+000
  2.5000000e+000  3.0000000e+002  2.5000000e+000
  2.6388889e+000  3.0000000e+002  2.6388889e+000
  2.7777778e+000  3.0000000e+002  2.7777778e+000
  2.9166667e+000  3.0000000e+002  2.9166667e+000
  3.0555556e+000  3.0000000e+002  3.0555556e+000
  3.1944444e+000  3.0000000e+002  3.1944444e+000
  3.3333333e+000  3.0000000e+002  3.3333333e+000
  3.4722222e+000  3.0000000e+002  3.4722222e+000
  3.6111111e+000  3.0000000e+002  3.6111111e+000
  3.7500000e+000  3.0000000e+002  3.7500000e+000
  3.8888889e+000  3.0000000e+002  3.8888889e+000
  4.0277778e+000  3.0000000e+002  4.0277778e+000
  4.1666667e+000  3.0000000e+002  4.1666667e+000
  4.3055556e+000  3.0000000e+002  4.3055556e+000
  4.4444444e+000  3.0000000e+002  4.4444444e+000
  4.5833333e+000  3.0000000e+002  4.5833333e+000
  4.7222222e+000  3.0000000e+002  4.7222222e+000
  4.8611111e+000  3.0000000e+002  4.8611111e+000
  5.0000000e+000  3.0000000e+002  5.0000000e+000
  5.1388889e+000  3.0000000e+002  5.1388889e+000
  5.2777778e+000  3.0000000e+002  5.2777778e+000
  5.4166667e+000  3.0000000e+002  5.4166667e+000
  5.5555556e+000  3.0000000e+002  5.5555556e+000
  5.6944444e+000  3.0000000e+002  5.6944444e+000
  5.8333333e+000  3.0000000e+002  5.8333333e+000
  5.9722222e+000  3.0000000e+002  5.9722222e+000
  6.1111111e+000  3.0000000e+002  6.1111111e+000
  6.2500000e+000  3.0000000e+002  6.2500000e+000
  6.3888889e+000  3.0000000e+002  6.3888889e+000
  6.5277778e+000  3.0000000e+002  6.5277778e+000
  6.6666667e+000  3.0000000e+002  6.6666667e+000
  6.8055556e+000  3.0000000e+002  6.8055556e+000
  6.9444444e+000  3.0000000e+002  6.9444444e+000
  7.0833333e+000  3.0000000e+002  7.0833333e+000
  7.2222222e+000  3.0000000e+002  7.2222222e+000
  7.3611111e+000  3.0000000e+002  7.3611111e+000
  7.5000000e+000  3.0000000e+002  7.5000000e+000
  7.6388889e+000  3.0000000e+002  7.6388889e+000
  7.7777778e+000  3.0000000e+002  7.7777778e+000
  7.9166667e+000  3.0000000e+002  7.9166667e+000
  8.0555556e+000  3.0000000e+002  8.0555556e+000
  8.1944444e+000  3.0000000e+002  8.1944444e+000
  8.3333333e+000  3.0000000e+002  8.3333333e+000
  8.4722222e+000  3.0000000e+002  8.4722222e+000
  8.6111111e+000  3.0000000e+002  8.6111111e+000
  8.7500000e+000  3.0000000e+002  8.7500000e+000
  8.8888889e+000  3.0000000e+002  8.8888889e+000
  9.0277778e+000  3.0000000e+002  9.0277778e+000
  9.1666667e+000  3.0000000e+002  9.1666667e+000
  9.3055556e+000  3.0000000e+002  9.3055556e+000
  9.4444444e+000  3.0000000e+002  9.4444444e+000
  9.5833333e+000  3.0000000e+002  9.5833333e+000
  9.7222222e+000  3.0000000e+002  9.7222222e+000
  9.8611111e+000  3.0000000e+002  9.8611111e+000
  1.0000000e+001  3.0000000e+002  1.0000000e+001
  1.0138889e+001  3.0000000e+002  1.0138889e+001
  1.0277778e+001  3.0000000e+002  1.0277778e+001
  1.0416667e+001  3.0000000e+002  1.0416667e+001
  1.0555556e+001  3.0000000e+002  1.0555556e+001
  1.0694444e+001  3.0000000e+002  1.0694444e+001
  1.0833333e+001  3.0000000e+002  1.0833333e+001
  1.0972222e+001  3.0000000e+002  1.0972222e+001
  1.1111111e+001  3.0000000e+002  1.1111111e+001
  1.1250000e+001  3.0000000e+002  1.1250000e+001
  1.1388889e+001  3.0000000e+002  1.1388889e+001
  1.1527778e+001  3.0000000e+002  1.1527778e+001
  1.1666667e+001  3.0000000e+002  1.1666667e+001
  1.1805556e+001  3.0000000e+002  1.1805556e+001
  1.1944436e+001  3.0000000e+002  1.1944436e+001
  1.2083293e+001  3.0000000e+002  1.2083293e+001
  1.2222110e+001  3.0000000e+002  1.2222110e+001
  1.2360871e+001  3.0000000e+002  1.2360871e+001
  1.2499560e+001  3.0000000e+002  1.2499560e+001
  1.2638161e+001  3.0000000e+002  1.2638161e+001
  1.2776658e+001  3.0000000e+002  1.2776658e+001
  1.2915035e+001  3.0000000e+002  1.2915035e+001
  1.3053276e+001  3.0000000e+002  1.3053276e+001
  1.3191365e+001  3.0000000e+002  1.3191365e+001
  1.3329287e+001  3.0000000e+002  1.3329287e+001
  1.3467025e+001  3.0000000e+002  1.3467025e+001
  1.3604563e+001  3.0000000e+002  1.3604563e+001
  1.3741887e+001  3.0000000e+002  1.3741887e+001
  1.3878979e+001  3.0000000e+002  1.3878979e+001
  1.4015824e+001  3.0000000e+002  1.4015824e+001
  1.4152406e+001  3.0000000e+002  1.4152406e+001
  1.4288710e+001  3.0000000e+002  1.4288710e+001
  1.4424720e+001  3.0000000e+002  1.4424720e+001
  1.4560420e+001  3.0000000e+002  1.4560420e+001
  1.4695794e+001  3.0000000e+002  1.4695794e+001
  1.4830828e+001  3.0000000e+002  1.4830828e+001
  1.4965505e+001  3.0000000e+002  1.4965505e+001
  1.5099809e+001  3.0000000e+002  1.5099809e+001
  1.5233726e+001  3.0000000e+002  1.5233726e+001
  1.5367240e+001  3.0000000e+002  1.5367240e+001
  1.5500335e+001  3.0000000e+002  1.5500335e+001
  1.5632997e+001  3.0000000e+002  1.5632997e+001
  1.5765209e+001  3.0000000e+002  1.5765209e+001
  1.5896958e+001  3.0000000e+002  1.5896958e+001
  1.6028226e+001  3.0000000e+002  1.6028226e+001
  1.6159000e+001  3.0000000e+002  1.6159000e+001
  1.6289265e+001  3.0000000e+002  1.6289265e+001
  1.6419004e+001  3.0000000e+002  1.6419004e+001
  1.6548204e+001  3.0000000e+002  1.6548204e+001
  1.6676850e+001  3.0000000e+002  1.6676850e+001
  1.6804926e+001  3.0000000e+002  1.6804926e+001
  1.6932417e+001  3.0000000e+002  1.6932417e+001
  1.7059310e+001  3.0000000e+002  1.7059310e+001
  1.7185590e+001  3.0000000e+002  1.7185590e+001
  1.7311241e+001  3.0000000e+002  1.7311241e+001
  1.7436250e+001  3.0000000e+002  1.7436250e+001
  1.7560603e+001  3.0000000e+002  1.7560603e+001
  1.7684284e+001  3.0000000e+002  1.7684284e+001
  1.7807279e+001  3.0000000e+002  1.7807279e+001
  1.7929575e+001  3.0000000e+002  1.7929575e+001
  1.8051157e+001  3.0000000e+002  1.8051157e+001
  1.8172011e+001  3.0000000e+002  1.8172011e+001
  1.8292123e+001  3.0000000e+002  1.8292123e+001
  1.8411480e+001  3.0000000e+002  1.8411480e+001
  1.8530068e+001  3.0000000e+002  1.8530068e+001
  1.8647873e+001  3.0000000e+002  1.8647873e+001
  1.8764881e+001  3.0000000e+002  1.8764881e+001
  1.8881079e+001  3.0000000e+002  1.8881079e+001
  1.8996454e+001  3.0000000e+002  1.8996454e+001
  1.9110992e+001  3.0000000e+002  1.9110992e+001
  1.9224681e+001  3.0000000e+002  1.9224681e+001
  1.9337506e+001  3.0000000e+002  1.9337506e+001
  1.9449455e+001  3.0000000e+002  1.9449455e+001
  1.9560515e+001  3.0000000e+002  1.9560515e+001
  1.9670674e+001  3.0000000e+002  1.9670674e+001
  1.9779918e+001  3.0000000e+002  1.9779918e+001
  1.9888235e+001  3.0000000e+002  1.9888235e+001
  1.9995613e+001  3.0000000e+002  1.9995613e+001
  2.0102039e+001  3.0000000e+002  2.0102039e+001
  2.0207500e+001  3.0000000e+002  2.0207500e+001
  2.0311986e+001  3.0000000e+002  2.0311986e+001
  2.0415483e+001  3.0000000e+002  2.0415483e+001
  2.0517980e+001  3.0000000e+002  2.0517980e+001
  2.0619465e+001  3.0000000e+002  2.0619465e+001
  2.0719926e+001  3.0000000e+002  2.0719926e+001
  2.0819352e+001  3.0000000e+002  2.0819352e+001
  2.0917731e+001  3.0000000e+002  2.0917731e+001
  2.1015052e+001  3.0000000e+002  2.1015052e+001
  2.1111303e+001  3.0000000e+002  2.1111303e+001
  2.1206475e+001  3.0000000e+002  2.1206475e+001
  2.1300554e+001  3.0000000e+002  2.1300554e+001
  2.1393532e+001  3.0000000e+002  2.1393532e+001
  2.1485396e+001  3.0000000e+002  2.1485396e+001
  2.1576137e+001  3.0000000e+002  2.1576137e+001
  2.1665745e+001  3.0000000e+002  2.1665745e+001
  2.1754207e+001  3.0000000e+002  2.1754207e+001
  2.1841515e+001  3.0000000e+002  2.1841515e+001
  2.1927659e+001  3.0000000e+002  2.1927659e+001
  2.2012628e+001  3.0000000e+002  2.2012628e+001
  2.2096413e+001  3.0000000e+002  2.2096413e+001
  2.2179004e+001  3.0000000e+002  2.2179004e+001
  2.2260391e+001  3.0000000e+002  2.2260391e+001
  2.2340566e+001  3.0000000e+002  2.2340566e+001
  2.2419518e+001  3.0000000e+002  2.2419518e+001
  2.2497240e+001  3.0000000e+002  2.2497240e+001
  2.2573721e+001  3.0000000e+002  2.2573721e+001
  2.2648953e+001  3.0000000e+002  2.2648953e+001
  2.2722928e+001  3.0000000e+002  2.2722928e+001
  2.2795636e+001  3.0000000e+002  2.2795636e+001
  2.2867070e+001  3.0000000e+002  2.2867070e+001
  2.2937221e+001  3.0000000e+002  2.2937221e+001
  2.3006081e+001  3.0000000e+002  2.3006081e+001
  2.3073643e+001  3.0000000e+002  2.3073643e+001
  2.3139898e+001  3.0000000e+002  2.3139898e+001
  2.3204838e+001  3.0000000e+002  2.3204838e+001
  2.3268457e+001  3.0000000e+002  2.3268457e+001
  2.3330747e+001  3.0000000e+002  2.3330747e+001
  2.3391701e+001  3.0000000e+002  2.3391701e+001
  2.3451312e+001  3.0000000e+002  2.3451312e+001
  2.3509572e+001  3.0000000e+002  2.3509572e+001
  2.3566476e+001  3.0000000e+002  2.3566476e+001
  2.3622016e+001  3.0000000e+002  2.3622016e+001
  2.3676187e+001  3.0000000e+002  2.3676187e+001
  2.3728981e+001  3.0000000e+002  2.3728981e+001
  2.3780393e+001  3.0000000e+002  2.3780393e+001
  2.3830418e+001  3.0000000e+002  2.3830418e+001
  2.3879048e+001  3.0000000e+002  2.3879048e+001
  2.3926280e+001  3.0000000e+002  2.3926280e+001
  2.3972106e+001  3.0000000e+002  2.3972106e+001
  2.4016522e+001  3.0000000e+002  2.4016522e+001
  2.4059523e+001  3.0000000e+002  2.4059523e+001
  2.4101104e+001  3.0000000e+002  2.4101104e+001
  2.4141260e+001  3.0000000e+002  2.4141260e+001
  2.4179986e+001  3.0000000e+002  2.4179986e+001
  2.4217279e+001  3.0000000e+002  2.4217279e+001
  2.4253132e+001  3.0000000e+002  2.4253132e+001
  2.4287544e+001  3.0000000e+002  2.4287544e+001
  2.4320509e+001  3.0000000e+002  2.4320509e+001
  2.4352023e+001  3.0000000e+002  2.4352023e+001
  2.4382084e+001  3.0000000e+002  2.4382084e+001
  2.4410687e+001  3.0000000e+002  2.4410687e+001
  2.4437830e+001  3.0000000e+002  2.4437830e+001
  2.4463509e+001  3.0000000e+002  2.4463509e+001
  2.4487721e+001  3.0000000e+002  2.4487721e+001
  2.4510464e+001  3.0000000e+002  2.4510464e+001
  2.4531734e+001  3.0000000e+002  2.4531734e+001
  2.4551530e+001  3.0000000e+002  2.4551530e+001
  2.4569849e+001  3.0000000e+002  2.4569849e+001
  2.4586689e+001  3.0000000e+002  2.4586689e+001
  2.4602048e+001  3.0000000e+002  2.4602048e+001
  2.4615925e+001  3.0000000e+002  2.4615925e+001
  2.4628317e+001  3.0000000e+002  2.4628317e+001
  2.4639223e+001  3.0000000e+002  2.4639223e+001
  2.4648642e+001  3.0000000e+002  2.4648642e+001
  2.4656573e+001  3.0000000e+002  2.4656573e+001
  2.4663016e+001  3.0000000e+002  2.4663016e+001
  2.4667968e+001  3.0000000e+002  2.4667968e+001
  2.4671430e+001  3.0000000e+002  2.4671430e+001
  2.4673402e+001  3.0000000e+002  2.4673402e+001
  2.4673882e+001  3.0000000e+002  2.4673882e+001
  2.4672872e+001  3.0000000e+002  2.4672872e+001
  2.4670371e+001  3.0000000e+002  2.4670371e+001
  2.4666379e+001  3.0000000e+002  2.4666379e+001
  2.4660897e+001  3.0000000e+002  2.4660897e+001
  2.4653925e+001  3.0000000e+002  2.4653925e+001
  2.4645465e+001  3.0000000e+002  2.4645465e+001
  2.4635517e+001  3.0000000e+002  2.4635517e+001
  2.4624083e+001  3.0000000e+002  2.4624083e+001
  2.4611163e+001  3.0000000e+002  2.4611163e+001
  2.4596760e+001  3.0000000e+002  2.4596760e+001
  2.4580874e+001  3.0000000e+002  2.4580874e+001
  2.4563508e+001  3.0000000e+002  2.4563508e+001
  2.4544664e+001  3.0000000e+002  2.4544664e+001
  2.4524344e+001  3.0000000e+002  2.4524344e+001
  2.4502550e+001  3.0000000e+002  2.4502550e+001
  2.4479285e+001  3.0000000e+002  2.4479285e+001
  2.4454551e+001  3.0000000e+002  2.4454551e+001
  2.4428352e+001  3.0000000e+002  2.4428352e+001
  2.4400690e+001  3.0000000e+002  2.4400690e+001
  2.4371568e+001  3.0000000e+002  2.4371568e+001
  2.4340990e+001  3.0000000e+002  2.4340990e+001
  2.4308960e+001  3.0000000e+002  2.4308960e+001
  2.4275480e+001  3.0000000e+002  2.4275480e+001
  2.4240556e+001  3.0000000e+002  2.4240556e+001
  2.4204190e+001  3.0000000e+002  2.4204190e+001
  2.4166388e+001  3.0000000e+002  2.4166388e+001
  2.4127153e+001  3.0000000e+002  2.4127153e+001
  2.4086490e+001  3.0000000e+002  2.4086490e+001
  2.4044404e+001  3.0000000e+002  2.4044404e+001
  2.4000900e+001  3.0000000e+002  2.4000900e+001
  2.3955982e+001  3.0000000e+002  2.3955982e+001
  2.3909655e+001  3.0000000e+002  2.3909655e+001
  2.3861926e+001  3.0000000e+002  2.3861926e+001
  2.3812800e+001  3.0000000e+002  2.3812800e+001
  2.3762281e+001  3.0000000e+002  2.3762281e+001
  2.3710377e+001  3.0000000e+002  2.3710377e+001
  2.3657093e+001  3.0000000e+002  2.3657093e+001
  2.3602435e+001  3.0000000e+002  2.3602435e+001
  2.3546409e+001  3.0000000e+002  2.3546409e+001
  2.3489023e+001  3.0000000e+002  2.3489023e+001
  2.3430282e+001  3.0000000e+002  2.3430282e+001
  2.3370193e+001  3.0000000e+002  2.3370193e+001
  2.3308763e+001  3.0000000e+002  2.3308763e+001
  2.3246000e+001  3.0000000e+002  2.3246000e+001
  2.3181911e+001  3.0000000e+002  2.3181911e+001
  2.3116502e+001  3.0000000e+002  2.3116502e+001
  2.3049782e+001  3.0000000e+002  2.3049782e+001
  2.2981758e+001  3.0000000e+002  2.2981758e+001
  2.2912438e+001  3.0000000e+002  2.2912438e+001
  2.2841830e+001  3.0000000e+002  2.2841830e+001
  2.2769943e+001  3.0000000e+002  2.2769943e+001
  2.2696783e+001  3.0000000e+002  2.2696783e+001
  2.2622361e+001  3.0000000e+002  2.2622361e+001
  2.2546684e+001  3.0000000e+002  2.2546684e+001
  2.2469761e+001  3.0000000e+002  2.2469761e+001
  2.2391601e+001  3.0000000e+002  2.2391601e+001
  2.2312213e+001  3.0000000e+002  2.2312213e+001
  2.2231606e+001  3.0000000e+002  2.2231606e+001
  2.2149790e+001  3.0000000e+002  2.2149790e+001
  2.2066774e+001  3.0000000e+002  2.2066774e+001
  2.1982567e+001  3.0000000e+002  2.1982567e+001
  2.1897180e+001  3.0000000e+002  2.1897180e+001
  2.1810621e+001  3.0000000e+002  2.1810621e+001
  2.1722901e+001  3.0000000e+002  2.1722901e+001
  2.1634031e+001  3.0000000e+002  2.1634031e+001
  2.1544019e+001  3.0000000e+002  2.1544019e+001
  2.1452878e+001  3.0000000e+002  2.1452878e+001
  2.1360617e+001  3.0000000e+002  2.1360617e+001
  2.1267246e+001  3.0000000e+002  2.1267246e+001
  2.1172777e+001  3.0000000e+002  2.1172777e+001
  2.1077221e+001  3.0000000e+002  2.1077221e+001
  2.0980588e+001  3.0000000e+002  2.0980588e+001
  2.0882890e+001  3.0000000e+002  2.0882890e+001
  2.0784137e+001  3.0000000e+002  2.0784137e+001
  2.0684342e+001  3.0000000e+002  2.0684342e+001
  2.0583516e+001  3.0000000e+002  2.0583516e+001
  2.0481670e+001  3.0000000e+002  2.0481670e+001
  2.0378816e+001  3.0000000e+002  2.0378816e+001
  2.0274967e+001  3.0000000e+002  2.0274967e+001
  2.0170133e+001  3.0000000e+002  2.0170133e+001
  2.0064327e+001  3.0000000e+002  2.0064327e+001
  1.9957562e+001  3.0000000e+002  1.9957562e+001
  1.9849849e+001  3.0000000e+002  1.9849849e+001
  1.9741200e+001  3.0000000e+002  1.9741200e+001
  1.9631630e+001  3.0000000e+002  1.9631630e+001
  1.9521149e+001  3.0000000e+002  1.9521149e+001
  1.9409772e+001  3.0000000e+002  1.9409772e+001
  1.9297510e+001  3.0000000e+002  1.9297510e+001
  1.9184376e+001  3.0000000e+002  1.9184376e+001
  1.9070385e+001  3.0000000e+002  1.9070385e+001
  1.8955548e+001  3.0000000e+002  1.8955548e+001
  1.8839879e+001  3.0000000e+002  1.8839879e+001
  1.8723391e+001  3.0000000e+002  1.8723391e+001
  1.8606098e+001  3.0000000e+002  1.8606098e+001
  1.8488014e+001  3.0000000e+002  1.8488014e+001
  1.8369151e+001  3.0000000e+002  1.8369151e+001
  1.8249524e+001  3.0000000e+002  1.8249524e+001
  1.8129146e+001  3.0000000e+002  1.8129146e+001
  1.8008032e+001  3.0000000e+002  1.8008032e+001
  1.7886194e+001  3.0000000e+002  1.7886194e+001
  1.7763648e+001  3.0000000e+002  1.7763648e+001
  1.7640408e+001  3.0000000e+002  1.7640408e+001
  1.7516487e+001  3.0000000e+002  1.7516487e+001
  1.7391899e+001  3.0000000e+002  1.7391899e+001
  1.7266660e+001  3.0000000e+002  1.7266660e+001
  1.7140784e+001  3.0000000e+002  1.7140784e+001
  1.7014285e+001  3.0000000e+002  1.7014285e+001
  1.6887177e+001  3.0000000e+002  1.6887177e+001
  1.6759476e+001  3.0000000e+002  1.6759476e+001
  1.6631196e+001  3.0000000e+002  1.6631196e+001
  1.6502352e+001  3.0000000e+002  1.6502352e+001
  1.6372959e+001  3.0000000e+002  1.6372959e+001
  1.6243031e+001  3.0000000e+002  1.6243031e+001
  1.6112584e+001  3.0000000e+002  1.6112584e+001
  1.5981632e+001  3.0000000e+002  1.5981632e+001
  1.5850191e+001  3.0000000e+002  1.5850191e+001
  1.5718276e+001  3.0000000e+002  1.5718276e+001
  1.5585902e+001  3.0000000e+002  1.5585902e+001
  1.5453085e+001  3.0000000e+002  1.5453085e+001
  1.5319839e+001  3.0000000e+002  1.5319839e+001
  1.5186180e+001  3.0000000e+002  1.5186180e+001
  1.5052124e+001  3.0000000e+002  1.5052124e+001
  1.4917685e+001  3.0000000e+002  1.4917685e+001
  1.4782880e+001  3.0000000e+002  1.4782880e+001
  1.4647724e+001  3.0000000e+002  1.4647724e+001
  1.4512232e+001  3.0000000e+002  1.4512232e+001
  1.4376420e+001  3.0000000e+002  1.4376420e+001
  1.4240304e+001  3.0000000e+002  1.4240304e+001
  1.4103899e+001  3.0000000e+002  1.4103899e+001
  1.3967221e+001  3.0000000e+002  1.3967221e+001
  1.3830287e+001  3.0000000e+002  1.3830287e+001
  1.3693111e+001  3.0000000e+002  1.3693111e+001
  1.3555709e+001  3.0000000e+002  1.3555709e+001
  1.3418098e+001  3.0000000e+002  1.3418098e+001
  1.3280293e+001  3.0000000e+002  1.3280293e+001
  1.3142310e+001  3.0000000e+002  1.3142310e+001
  1.3004164e+001  3.0000000e+002  1.3004164e+001
  1.2865873e+001  3.0000000e+002  1.2865873e+001
  1.2727452e+001  3.0000000e+002  1.2727452e+001
  1.2588916e+001  3.0000000e+002  1.2588916e+001
  1.2450282e+001  3.0000000e+002  1.2450282e+001
  1.2311566e+001  3.0000000e+002  1.2311566e+001
  1.2172783e+001  3.0000000e+002  1.2172783e+001
  1.2033950e+001  3.0000000e+002  1.2033950e+001
  1.1895083e+001  3.0000000e+002  1.1895083e+001
  1.1756198e+001  3.0000000e+002  1.1756198e+001
  1.1617310e+001  3.0000000e+002  1.1617310e+001
  1.1478435e+001  3.0000000e+002  1.1478435e+001
  1.1339591e+001  3.0000000e+002  1.1339591e+001
  1.1200792e+001  3.0000000e+002  1.1200792e+001
  1.1062055e+001  3.0000000e+002  1.1062055e+001
  1.0923396e+001  3.0000000e+002  1.0923396e+001
  1.0784830e+001  3.0000000e+002  1.0784830e+001
  1.0646374e+001  3.0000000e+002  1.0646374e+001
  1.0508043e+001  3.0000000e+002  1.0508043e+001
  1.0369854e+001  3.0000000e+002  1.0369854e+001
  1.0231823e+001  3.0000000e+002  1.0231823e+001
  1.0093964e+001  3.0000000e+002  1.0093964e+001
  9.9562954e+000  3.0000000e+002  9.9562954e+000
  9.8188316e+000  3.0000000e+002  9.8188316e+000
  9.6815886e+000  3.0000000e+002  9.6815886e+000
  9.5445825e+000  3.0000000e+002  9.5445825e+000
  9.4078289e+000  3.0000000e+002  9.4078289e+000
  9.2713437e+000  3.0000000e+002  9.2713437e+000
  9.1351425e+000  3.0000000e+002  9.1351425e+000
  8.9992410e+000  3.0000000e+002  8.9992410e+000
  8.8636549e+000  3.0000000e+002  8.8636549e+000
  8.7283999e+000  3.0000000e+002  8.7283999e+000
  8.5934915e+000  3.0000000e+002  8.5934915e+000
  8.4589452e+000  3.0000000e+002  8.4589452e+000
  8.3247767e+000  3.0000000e+002  8.3247767e+000
  8.1910012e+000  3.0000000e+002  8.1910012e+000
  8.0576343e+000  3.0000000e+002  8.0576343e+000
  7.9246913e+000  3.0000000e+002  7.9246913e+000
  7.7921876e+000  3.0000000e+002  7.7921876e+000
  7.6601384e+000  3.0000000e+002  7.6601384e+000
  7.5285589e+000  3.0000000e+002  7.5285589e+000
  7.3974642e+000  3.0000000e+002  7.3974642e+000
  7.2668696e+000  3.0000000e+002  7.2668696e+000
  7.1367901e+000  3.0000000e+002  7.1367901e+000
  7.0072405e+000  3.0000000e+002  7.0072405e+000
  6.8782360e+000  3.0000000e+002  6.8782360e+000
  6.7497913e+000  3.0000000e+002  6.7497913e+000
  6.6219212e+000  3.0000000e+002  6.6219212e+000
  6.4946405e+000  3.0000000e+002  6.4946405e+000
  6.3679638e+000  3.0000000e+002  6.3679638e+000
  6.2419058e+000  3.0000000e+002  6.2419058e+000
  6.1164809e+000  3.0000000e+002  6.1164809e+000
  5.9917037e+000  3.0000000e+002  5.9917037e+000
  5.8675885e+000  3.0000000e+002  5.8675885e+000
  5.7441495e+000  3.0000000e+002  5.7441495e+000
  5.6214012e+000  3.0000000e+002  5.6214012e+000
  5.4993574e+000  3.0000000e+002  5.4993574e+000
  5.3780325e+000  3.0000000e+002  5.3780325e+000
  5.2574402e+000  3.0000000e+002  5.2574402e+000
  5.1375946e+000  3.0000000e+002  5.1375946e+000
  5.0185094e+000  3.0000000e+002  5.0185094e+000
  4.9001984e+000  3.0000000e+002  4.9001984e+000
  4.7826751e+000  3.0000000e+002  4.7826751e+000
  4.6659532e+000  3.0000000e+002  4.6659532e+000
  4.5500461e+000  3.0000000e+002  4.5500461e+000
  4.4349671e+000  3.0000000e+002  4.4349671e+000
  4.3207295e+000  3.0000000e+002  4.3207295e+000
  4.2073465e+000  3.0000000e+002  4.2073465e+000
  4.0948311e+000  3.0000000e+002  4.0948311e+000
  3.9831964e+000  3.0000000e+002  3.9831964e+000
  3.8724551e+000  3.0000000e+002  3.8724551e+000
  3.7626200e+000  3.0000000e+002  3.7626200e+000
  3.6537038e+000  3.0000000e+002  3.6537038e+000
  3.5457191e+000  3.0000000e+002  3.5457191e+000
  3.4386782e+000  3.0000000e+002  3.4386782e+000
  3.3325936e+000  3.0000000e+002  3.3325936e+000
  3.2274774e+000  3.0000000e+002  3.2274774e+000
  3.1233418e+000  3.0000000e+002  3.1233418e+000
  3.0201987e+000  3.0000000e+002  3.0201987e+000
  2.9180601e+000  3.0000000e+002  2.9180601e+000
  2.8169377e+000  3.0000000e+002  2.8169377e+000
  2.7168432e+000  3.0000000e+002  2.7168432e+000
  2.6177881e+000  3.0000000e+002  2.6177881e+000
  2.5197838e+000  3.0000000e+002  2.5197838e+000
  2.4228416e+000  3.0000000e+002  2.4228416e+000
  2.3269727e+000  3.0000000e+002  2.3269727e+000
  2.2321882e+000  3.0000000e+002  2.2321882e+000
  2.1384989e+000  3.0000000e+002  2.1384989e+000
  2.0459157e+000  3.0000000e+002  2.0459157e+000
  1.9544492e+000  3.0000000e+002  1.9544492e+000
  1.8641099e+000  3.0000000e+002  1.8641099e+000
  1.7749084e+000  3.0000000e+002  1.7749084e+000
  1.6868548e+000  3.0000000e+002  1.6868548e+000
  1.5999593e+000  3.0000000e+002  1.5999593e+000
  1.5142319e+000  3.0000000e+002  1.5142319e+000
  1.4296825e+000  3.0000000e+002  1.4296825e+000
  1.3463209e+000  3.0000000e+002  1.3463209e+000
  1.2641566e+000  3.0000000e+002  1.2641566e+000
  1.1831991e+000  3.0000000e+002  1.1831991e+000
  1.1034578e+000  3.0000000e+002  1.1034578e+000
  1.0249419e+000  3.0000000e+002  1.0249419e+000
  9.4766028e-001  3.0000000e+002  9.4766028e-001
  8.7162198e-001  3.0000000e+002  8.7162198e-001
  7.9683575e-001  3.0000000e+002  7.9683575e-001
  7.2331019e-001  3.0000000e+002  7.2331019e-001
  6.5105377e-001  3.0000000e+002  6.5105377e-001
  5.8007483e-001  3.0000000e+002  5.8007483e-001
  5.1038155e-001  3.0000000e+002  5.1038155e-001
  4.4198195e-001  3.0000000e+002  4.4198195e-001
  3.7488392e-001  3.0000000e+002  3.7488392e-001
  3.0909520e-001  3.0000000e+002  3.0909520e-001
  2.4462335e-001  3.0000000e+002  2.4462335e-001
  1.8147582e-001  3.0000000e+002  1.8147582e-001
  1.1965988e-001  3.0000000e+002  1.1965988e-001
  5.9182659e-002  3.0000000e+002  5.9182659e-002
  5.1118550e-005  3.0000000e+002  5.1118550e-005
 -5.7727924e-002  3.0000000e+002 -5.7727924e-002
 -1.1414781e-001  3.0000000e+002 -1.1414781e-001
 -1.6920203e-001  3.0000000e+002 -1.6920203e-001
 -2.2288426e-001  3.0000000e+002 -2.2288426e-001
 -2.7518829e-001  3.0000000e+002 -2.7518829e-001
 -3.2610810e-001  3.0000000e+002 -3.2610810e-001
 -3.7563783e-001  3.0000000e+002 -3.7563783e-001
 -4.2377176e-001  3.0000000e+002 -4.2377176e-001
 -4.7050436e-001  3.0000000e+002 -4.7050436e-001
 -5.1583022e-001  3.0000000e+002 -5.1583022e-001
 -5.5974414e-001  3.0000000e+002 -5.5974414e-001
 -6.0224104e-001  3.0000000e+002 -6.0224104e-001
 -6.4331604e-001  3.0000000e+002 -6.4331604e-001
 -6.8296439e-001  3.0000000e+002 -6.8296439e-001
 -7.2118154e-001  3.0000000e+002 -7.2118154e-001
 -7.5796306e-001  3.0000000e+002 -7.5796306e-001
 -7.9330474e-001  3.0000000e+002 -7.9330474e-001
 -8.2720248e-001  3.0000000e+002 -8.2720248e-001
 -8.5965239e-001  3.0000000e+002 -8.5965239e-001
 -8.9065073e-001  3.0000000e+002 -8.9065073e-001
 -9.2019393e-001  3.0000000e+002 -9.2019393e-001
 -9.4827857e-001  3.0000000e+002 -9.4827857e-001
 -9.7490143e-001  3.0000000e+002 -9.7490143e-001
 -1.0000594e+000  3.0000000e+002 -1.0000594e+000
 -1.0237497e+000  3.0000000e+002 -1.0237497e+000
 -1.0459694e+000  3.0000000e+002 -1.0459694e+000
 -1.0667162e+000  3.0000000e+002 -1.0667162e+000
 -1.0859874e+000  3.0000000e+002 -1.0859874e+000
 -1.1037811e+000  3.0000000e+002 -1.1037811e+000
 -1.1200950e+000  3.0000000e+002 -1.1200950e+000
 -1.1349273e+000  3.0000000e+002 -1.1349273e+000
 -1.1482763e+000  3.0000000e+002 -1.1482763e+000
 -1.1601405e+000  3.0000000e+002 -1.1601405e+000
 -1.1720047e+000  3.0000000e+002 -1.1720047e+000
 -1.1838689e+000  3.0000000e+002 -1.1838689e+000
 -1.1957331e+000  3.0000000e+002 -1.1957331e+000
 -1.2075973e+000  3.0000000e+002 -1.2075973e+000
 -1.2194615e+000  3.0000000e+002 -1.2194615e+000
 -1.2313257e+000  3.0000000e+002 -1.2313257e+000
 -1.2431899e+000  3.0000000e+002 -1.2431899e+000
 -1.2550541e+000  3.0000000e+002 -1.2550541e+000
 -1.2669183e+000  3.0000000e+002 -1.2669183e+000
 -1.2787825e+000  3.0000000e+002 -1.2787825e+000
 -1.2906467e+000  3.0000000e+002 -1.2906467e+000
 -1.3025109e+000  3.0000000e+002 -1.3025109e+000
 -1.3143751e+000  3.0000000e+002 -1.3143751e+000
 -1.3262393e+000  3.0000000e+002 -1.3262393e+000
 -1.3381035e+000  3.0000000e+002 -1.3381035e+000
 -1.3499677e+000  3.0000000e+002 -1.3499677e+000
 -1.3618319e+000  3.0000000e+002 -1.3618319e+000
 -1.3736961e+000  3.0000000e+002 -1.3736961e+000
 -1.3855603e+000  3.0000000e+002 -1.3855603e+000
 -1.3974245e+000  3.0000000e+002 -1.3974245e+000
 -1.4092887e+000  3.0000000e+002 -1.4092887e+000
 -1.4211529e+000  3.0000000e+002 -1.4211529e+000
 -1.4330171e+000  3.0000000e+002 -1.4330171e+000
 -1.4448813e+000  3.0000000e+002 -1.4448813e+000
 -1.4567455e+000  3.0000000e+002 -1.4567455e+000
 -1.4686097e+000  3.0000000e+002 -1.4686097e+000
 -1.4804739e+000  3.0000000e+002 -1.4804739e+000
 -1.4923381e+000  3.0000000e+002 -1.4923381e+000
 -1.5042023e+000  3.0000000e+002 -1.5042023e+000
 -1.5160665e+000  3.0000000e+002 -1.5160665e+000
 -1.5279307e+000  3.0000000e+002 -1.5279307e+000
 -1.5397949e+000  3.0000000e+002 -1.5397949e+000
 -1.5516590e+000  3.0000000e+002 -1.5516590e+000
 -1.5635232e+000  3.0000000e+002 -1.5635232e+000
 -1.5753874e+000  3.0000000e+002 -1.5753874e+000
 -1.5872516e+000  3.0000000e+002 -1.5872516e+000
 -1.5991158e+000  3.0000000e+002 -1.5991158e+000
 -1.6109800e+000  3.0000000e+002 -1.6109800e+000
 -1.6228442e+000  3.0000000e+002 -1.6228442e+000
 -1.6347084e+000  3.0000000e+002 -1.6347084e+000
 -1.6465726e+000  3.0000000e+002 -1.6465726e+000
 -1.6584368e+000  3.0000000e+002 -1.6584368e+000
 -1.6703010e+000  3.0000000e+002 -1.6703010e+000
 -1.6821652e+000  3.0000000e+002 -1.6821652e+000
 -1.6940294e+000  3.0000000e+002 -1.6940294e+000
 -1.7058936e+000  3.0000000e+002 -1.7058936e+000
 -1.7177578e+000  3.0000000e+002 -1.7177578e+000
 -1.7296220e+000  3.0000000e+002 -1.7296220e+000
 -1.7414862e+000  3.0000000e+002 -1.7414862e+000
 -1.7533504e+000  3.0000000e+002 -1.7533504e+000
 -1.7652146e+000  3.0000000e+002 -1.7652146e+000
 -1.7770788e+000  3.0000000e+002 -1.7770788e+000
 -1.7889430e+000  3.0000000e+002 -1.7889430e+000
 -1.8008072e+000  3.0000000e+002 -1.8008072e+000
 -1.8126714e+000  3.0000000e+002 -1.8126714e+000
 -1.8245356e+000  3.0000000e+002 -1.8245356e+000
 -1.8363998e+000  3.0000000e+002 -1.8363998e+000
 -1.8482640e+000  3.0000000e+002 -1.8482640e+000
 -1.8601282e+000  3.0000000e+002 -1.8601282e+000
 -1.8719924e+000  3.0000000e+002 -1.8719924e+000
 -1.8838566e+000  3.0000000e+002 -1.8838566e+000
 -1.8957208e+000  3.0000000e+002 -1.8957208e+000
 -1.9075850e+000  3.0000000e+002 -1.9075850e+000
 -1.9194492e+000  3.0000000e+002 -1.9194492e+000
 -1.9313134e+000  3.0000000e+002 -1.9313134e+000
 -1.9431776e+000  3.0000000e+002 -1.9431776e+000
 -1.9550418e+000  3.0000000e+002 -1.9550418e+000
 -1.9669060e+000  3.0000000e+002 -1.9669060e+000
 -1.9787702e+000  3.0000000e+002 -1.9787702e+000
 -1.9906344e+000  3.0000000e+002 -1.9906344e+000
 -2.0024986e+000  3.0000000e+002 -2.0024986e+000
 -2.0143627e+000  3.0000000e+002 -2.0143627e+000
 -2.0262269e+000  3.0000000e+002 -2.0262269e+000
 -2.0380911e+000  3.0000000e+002 -2.0380911e+000
 -2.0499553e+000  3.0000000e+002 -2.0499553e+000
 -2.0618195e+000  3.0000000e+002 -2.0618195e+000
 -2.0736837e+000  3.0000000e+002 -2.0736837e+000
 -2.0855479e+000  3.0000000e+002 -2.0855479e+000
 -2.0974121e+000  3.0000000e+002 -2.0974121e+000
 -2.1092763e+000  3.0000000e+002 -2.1092763e+000
 -2.1211405e+000  3.0000000e+002 -2.1211405e+000
 -2.1330047e+000  3.0000000e+002 -2.1330047e+000
 -2.1448689e+000  3.0000000e+002 -2.1448689e+000
 -2.1567331e+000  3.0000000e+002 -2.1567331e+000
 -2.1685973e+000  3.0000000e+002 -2.1685973e+000
 -2.1804615e+000  3.0000000e+002 -2.1804615e+000
 -2.1923257e+000  3.0000000e+002 -2.1923257e+000
 -2.2041899e+000  3.0000000e+002 -2.2041899e+000
 -2.2160541e+000  3.0000000e+002 -2.2160541e+000
 -2.2279183e+000  3.0000000e+002 -2.2279183e+000
 -2.2397825e+000  3.0000000e+002 -2.2397825e+000
 -2.2516467e+000  3.0000000e+002 -2.2516467e+000
 -2.2635109e+000  3.0000000e+002 -2.2635109e+000
 -2.2753751e+000  3.0000000e+002 -2.2753751e+000
 -2.2872393e+000  3.0000000e+002 -2.2872393e+000
 -2.2991035e+000  3.0000000e+002 -2.2991035e+000
 -2.3109677e+000  3.0000000e+002 -2.3109677e+000
 -2.3228319e+000  3.0000000e+002 -2.3228319e+000
 -2.3346961e+000  3.0000000e+002 -2.3346961e+000
 -2.3465603e+000  3.0000000e+002 -2.3465603e+000
 -2.3584245e+000  3.0000000e+002 -2.3584245e+000
 -2.3702887e+000  3.0000000e+002 -2.3702887e+000
 -2.3821529e+000  3.0000000e+002 -2.3821529e+000
 -2.3940171e+000  3.0000000e+002 -2.3940171e+000
 -2.4058813e+000  3.0000000e+002 -2.4058813e+000
 -2.4177455e+000  3.0000000e+002 -2.4177455e+000
 -2.4296097e+000  3.0000000e+002 -2.4296097e+000
 -2.4414739e+000  3.0000000e+002 -2.4414739e+000
 -2.4533381e+000  3.0000000e+002 -2.4533381e+000
 -2.4652023e+000  3.0000000e+002 -2.4652023e+000
 -2.4770664e+000  3.0000000e+002 -2.4770664e+000
 -2.4889306e+000  3.0000000e+002 -2.4889306e+000
 -2.5007948e+000  3.0000000e+002 -2.5007948e+000
 -2.5126590e+000  3.0000000e+002 -2.5126590e+000
 -2.5245232e+000  3.0000000e+002 -2.5245232e+000
 -2.5363874e+000  3.0000000e+002 -2.5363874e+000
 -2.5482516e+000  3.0000000e+002 -2.5482516e+000
 -2.5601158e+000  3.0000000e+002 -2.5601158e+000
 -2.5719800e+000  3.0000000e+002 -2.5719800e+000
 -2.5838442e+000  3.0000000e+002 -2.5838442e+000
 -2.5957084e+000  3.0000000e+002 -2.5957084e+000
 -2.6075726e+000  3.0000000e+002 -2.6075726e+000
 -2.6194368e+000  3.0000000e+002 -2.6194368e+000
 -2.6313010e+000  3.0000000e+002 -2.6313010e+000
 -2.6431652e+000  3.0000000e+002 -2.6431652e+000
 -2.6550294e+000  3.0000000e+002 -2.6550294e+000
 -2.6668936e+000  3.0000000e+002 -2.6668936e+000
 -2.6787578e+000  3.0000000e+002 -2.6787578e+000
 -2.6906220e+000  3.0000000e+002 -2.6906220e+000
 -2.7024862e+000  3.0000000e+002 -2.7024862e+000
 -2.7143504e+000  3.0000000e+002 -2.7143504e+000
 -2.7262146e+000  3.0000000e+002 -2.7262146e+000
 -2.7380788e+000  3.0000000e+002 -2.7380788e+000
 -2.7499430e+000  3.0000000e+002 -2.7499430e+000
 -2.7618072e+000  3.0000000e+002 -2.7618072e+000
 -2.7736714e+000  3.0000000e+002 -2.7736714e+000
